__yasmid=0.838720968802376; __yamid_tt1=0.838720968802376; __yamid_new=C926C3A85BD00001AFC8ECF0111020C0; udb_passdata=3; SoundValue=0.50; isInLiveRoom=; udb_guiddata=70c88055ff044d5bbd05364d2752cdce; web_qrlogin_confirm_id=68264d64-243e-48d7-a57f-b20d6600fd1f; Hm_lvt_51700b6c722f5bb4cf39906a596ea41f=1606376990,1606442761,1606453786; _rep_cnt=5; huyawap_rep_cnt=8; udb_biztoken=AQAU0sy2xd68o7JQk4j3pQkUiGT31UvKw4pOsle7eQH0qw1XVPVng9Lb4dYbfw3uOiIlOg1U_9v9zNDKGUCU8xMKODKA-n94wdKpEPfKqZk0PPWZa1gGD3vBxB2MrDATi9KsQiQaxRGhIcGSe8nua3Nh3KECuS1066J9pkLCz0a2LmI9CCg2SHXrvP70an7-YH7FF2qrgCxmtuww9k6Vx9nhoDGzfJiemb5IAX4XjXlB-AePbT71pRTFXhtaAFFqcsw2pXQn9GXzArD0qNwJXSDBLUzkywPYUB53diCL2WG0sH9W5Z30Q-zTFe4Q7vzHIx8w-MQPkckH2C18t_Q2048Q; udb_origin=1; udb_passport=hy_100730375; udb_status=1; udb_uid=1199561288574; udb_version=2.4; username=hy_100730375; yyuid=1199561288574; udb_accdata=08613104527681; __yaoldyyuid=1199561288574; _yasids=__rootsid%3DC9270CF837F00001415C1F3DADCE9420; huyaweb_rep_cnt=2; h_unt=1606453877; huya_flash_rep_cnt=14; huya_web_rep_cnt=32; Hm_lpvt_51700b6c722f5bb4cf39906a596ea41f=1606453889

__yasmid=0.838720968802376; __yamid_tt1=0.838720968802376; __yamid_new=C926C3A85BD00001AFC8ECF0111020C0; udb_passdata=3; SoundValue=0.50; isInLiveRoom=; udb_guiddata=70c88055ff044d5bbd05364d2752cdce; web_qrlogin_confirm_id=68264d64-243e-48d7-a57f-b20d6600fd1f; Hm_lvt_51700b6c722f5bb4cf39906a596ea41f=1606376990,1606442761,1606453786; _rep_cnt=5; huyawap_rep_cnt=8; udb_biztoken=AQAU0sy2xd68o7JQk4j3pQkUiGT31UvKw4pOsle7eQH0qw1XVPVng9Lb4dYbfw3uOiIlOg1U_9v9zNDKGUCU8xMKODKA-n94wdKpEPfKqZk0PPWZa1gGD3vBxB2MrDATi9KsQiQaxRGhIcGSe8nua3Nh3KECuS1066J9pkLCz0a2LmI9CCg2SHXrvP70an7-YH7FF2qrgCxmtuww9k6Vx9nhoDGzfJiemb5IAX4XjXlB-AePbT71pRTFXhtaAFFqcsw2pXQn9GXzArD0qNwJXSDBLUzkywPYUB53diCL2WG0sH9W5Z30Q-zTFe4Q7vzHIx8w-MQPkckH2C18t_Q2048Q; udb_origin=1; udb_passport=hy_100730375; udb_status=1; udb_uid=1199561288574; udb_version=2.4; username=hy_100730375; yyuid=1199561288574; udb_accdata=08613104527681; __yaoldyyuid=1199561288574; _yasids=__rootsid%3DC9270CF837F00001415C1F3DADCE9420; huyaweb_rep_cnt=2; h_unt=1606453877; huya_flash_rep_cnt=14; huya_web_rep_cnt=32; Hm_lpvt_51700b6c722f5bb4cf39906a596ea41f=1606453889

__yasmid=0.838720968802376; __yamid_tt1=0.838720968802376; __yamid_new=C926C3A85BD00001AFC8ECF0111020C0; udb_passdata=3; SoundValue=0.50; isInLiveRoom=; udb_guiddata=70c88055ff044d5bbd05364d2752cdce; web_qrlogin_confirm_id=68264d64-243e-48d7-a57f-b20d6600fd1f; Hm_lvt_51700b6c722f5bb4cf39906a596ea41f=1606376990,1606442761,1606453786; _rep_cnt=5; huyawap_rep_cnt=8; udb_biztoken=AQAU0sy2xd68o7JQk4j3pQkUiGT31UvKw4pOsle7eQH0qw1XVPVng9Lb4dYbfw3uOiIlOg1U_9v9zNDKGUCU8xMKODKA-n94wdKpEPfKqZk0PPWZa1gGD3vBxB2MrDATi9KsQiQaxRGhIcGSe8nua3Nh3KECuS1066J9pkLCz0a2LmI9CCg2SHXrvP70an7-YH7FF2qrgCxmtuww9k6Vx9nhoDGzfJiemb5IAX4XjXlB-AePbT71pRTFXhtaAFFqcsw2pXQn9GXzArD0qNwJXSDBLUzkywPYUB53diCL2WG0sH9W5Z30Q-zTFe4Q7vzHIx8w-MQPkckH2C18t_Q2048Q; udb_origin=1; udb_passport=hy_100730375; udb_status=1; udb_uid=1199561288574; udb_version=2.4; username=hy_100730375; yyuid=1199561288574; udb_accdata=08613104527681; __yaoldyyuid=1199561288574; _yasids=__rootsid%3DC9270CF837F00001415C1F3DADCE9420; huyaweb_rep_cnt=2; h_unt=1606453877; huya_flash_rep_cnt=14; huya_web_rep_cnt=32; Hm_lpvt_51700b6c722f5bb4cf39906a596ea41f=1606453889